-999   11 37                         NONE  0.1000000E+01 SN      06-14-2014 11:24:29 07/15/13   00000000000  1
2005  46    80 123  183 193  51 16.8  2731  2664 16120     0     0     0     0 123  183 193  51 16.8       5   46     5    59.4 141 12
2010  51    79 123  183 193  56 16.8  2937  2871 17105     0     0     0     0 123  183 193  56 16.8       5   46     5    57.6 141 12
2015  56    78 123  183 193  62 17.0  3139  3072 18134     0     0     0     0 123  183 193  62 17.0       5   44     6    56.1 141 12
2020  61    78 123  183 194  66 17.1  3330  3264 19315     0     0     0     0 123  183 194  66 17.1       5   43     6    54.6 141 12
2025  66    77 124  183 195  71 17.2  3517  3452 20739     0     0     0     0 124  183 195  71 17.2       5   41     6    53.3 141 12
2030  71    76 124  184 195  75 17.3  3693  3628 22442     0     0     0     0 124  184 195  75 17.3       5   42     6    52.0 141 12
2035  76    75 125  184 197  79 17.5  3872  3808 24592     0     0     0     0 125  184 197  79 17.5       5   40     7    50.9 141 12
2040  81    74 126  185 199  82 17.6  4037  3974 26916     0     0     0     0 126  185 199  82 17.6       5   35     7    49.8 141 12
2045  86    74 127  186 200  85 17.8  4176  4115 29302     0     0     0     0 127  186 200  85 17.8       5   33     7    48.6 141 12
2050  91    73 128  187 201  88 17.9  4307  4246 31836     0     0     0     0 128  187 201  88 17.9       5   27     7    47.3 141 12
2055  96    72 128  187 202  90 18.1  4404  4343 34097     0     0     0     0 128  187 202  90 18.1       0    0     0    45.9 141 12
